Witdh=24,Height=24 !!!
  0.038294,  0.038294,  0.038294,  0.038294,  0.038294,  0.038294,  0.038294,  0.038294,  0.038294,  0.038294,  0.038294, -0.060710, -0.175275, -0.153493,  0.167844,  0.316690,  0.114244, -0.111095, -0.017133,  0.038294,  0.038294,  0.038294,  0.038294,  0.038294,
  0.038294,  0.038294,  0.038294,  0.038294,  0.038294,  0.038294,  0.038294,  0.038294,  0.038294, -0.016158, -0.192777, -0.240492,  0.012850,  0.356507,  0.556416,  0.502521,  0.233372,  0.133589,  0.028922,  0.038294,  0.038294,  0.038294,  0.038294,  0.038294,
  0.038294,  0.038294,  0.038294,  0.038294,  0.038294,  0.038294,  0.038294,  0.038294,  0.038294, -0.119208, -0.284884, -0.052050,  0.317209,  0.321672,  0.293007,  0.269492,  0.300333,  0.047351,  0.031193,  0.038294,  0.038294,  0.038294,  0.038294,  0.038294,
  0.038294,  0.038294,  0.038294,  0.038294,  0.038294,  0.038294,  0.038294,  0.038294, -0.029029, -0.333100, -0.327054,  0.212214,  0.350527,  0.130594, -0.187589,  0.029749,  0.108344,  0.078541,  0.013325,  0.038294,  0.038294,  0.038294,  0.038294,  0.038294,
  0.038294,  0.038294,  0.038294,  0.038294,  0.038294,  0.038294,  0.038294, -0.043880, -0.258459, -0.230633,  0.341469,  0.226365, -0.096416, -0.150321, -0.203844, -0.715688, -0.583819, -0.095282,  0.241982,  0.058794, -0.087450,  0.018553,  0.038294,  0.038294,
  0.038294,  0.038294,  0.038294,  0.038294,  0.038294,  0.038294,  0.012553, -0.189638, -0.320335,  0.147517,  0.555094,  0.185438, -0.237782, -0.592077, -0.818783, -0.669345, -0.289595,  0.299160,  0.453295,  0.275192,  0.028129, -0.044165,  0.038294,  0.038294,
  0.038294,  0.038294,  0.038294,  0.038294,  0.038294,  0.038294, -0.035873, -0.339647, -0.301218,  0.409290,  0.489214,  0.033074, -0.436403, -0.789617, -0.539253, -0.141365,  0.141531,  0.462254,  0.595293,  0.319361,  0.087079,  0.079926,  0.038294,  0.038294,
  0.038294,  0.038294,  0.038294,  0.038294,  0.038294,  0.038294, -0.124548, -0.390484, -0.106097,  0.310639,  0.192390, -0.370116, -0.643270, -0.422429,  0.116950,  0.322118,  0.243182, -0.125782,  0.088723,  0.280906,  0.085502, -0.017117,  0.038294,  0.038294,
  0.038294,  0.038294,  0.038294,  0.038294,  0.038294,  0.038294, -0.058513, -0.292527, -0.297679,  0.071121,  0.053911, -0.431315, -0.504562,  0.166963,  0.309300,  0.130421, -0.015662, -0.244573, -0.381150, -0.258571, -0.098828,  0.018979,  0.038294,  0.038294,
  0.038294,  0.038294,  0.038294,  0.038294,  0.038294,  0.038294, -0.006633, -0.257070, -0.536461, -0.402922, -0.023801, -0.129484,  0.030928,  0.206162,  0.104347, -0.136243, -0.249703, -0.495738, -0.588105, -0.465280, -0.235796, -0.066793,  0.038294,  0.038294,
  0.038294,  0.038294,  0.038294,  0.038294,  0.038294,  0.038294,  0.140374, -0.146137, -0.824318, -0.878648, -0.116415,  0.413007,  0.172999,  0.088545, -0.202692, -0.291602, -0.561984, -0.573039, -0.379423, -0.212772, -0.031022,  0.024022,  0.038294,  0.038294,
  0.038294,  0.038294,  0.038294,  0.038294,  0.038294,  0.038294,  0.068807,  0.092751, -0.578583, -1.063916, -0.490070,  0.325139,  0.303446, -0.173655, -0.415025, -0.651175, -0.425323, -0.230873, -0.062319,  0.027380,  0.038294,  0.038294,  0.038294,  0.038294,
  0.038294,  0.038294,  0.038294,  0.038294,  0.038294,  0.038294,  0.002790, -0.198682, -0.241503, -0.463780, -0.568929, -0.277857, -0.022783,  0.160827, -0.338765, -0.402630, -0.229214,  0.009750,  0.038294,  0.038294,  0.038294,  0.038294,  0.038294,  0.038294,
  0.038294,  0.038294,  0.038294,  0.038294,  0.038294,  0.038294, -0.114123, -0.264014,  0.117689,  0.129177, -0.649149, -0.917440, -0.277643,  0.308761,  0.198825, -0.058421, -0.061489,  0.025387,  0.038294,  0.038294,  0.038294,  0.038294,  0.038294,  0.038294,
  0.038294,  0.038294,  0.038294,  0.038294,  0.038294, -0.027049, -0.296452, -0.211655,  0.437022,  0.214496, -0.567149, -1.317108, -1.005147,  0.397630,  0.674931,  0.183940, -0.080397,  0.034520,  0.038294,  0.038294,  0.038294,  0.038294,  0.038294,  0.038294,
  0.038294,  0.038294,  0.038294,  0.038294,  0.038294, -0.148530, -0.372311,  0.112818,  0.376874,  0.200330, -0.265056, -1.202721, -1.356096, -0.014806,  0.512362,  0.277964, -0.079956,  0.012658,  0.038294,  0.038294,  0.038294,  0.038294,  0.038294,  0.038294,
  0.038294,  0.038294,  0.038294,  0.038294, -0.021108, -0.352730, -0.249760,  0.414048,  0.306996, -0.174790, -0.429276, -0.742019, -0.665264, -0.274475,  0.051291,  0.029852, -0.076553,  0.049143,  0.038294,  0.038294,  0.038294,  0.038294,  0.038294,  0.038294,
  0.038294,  0.038294,  0.038294,  0.038294, -0.160887, -0.384925,  0.093455,  0.397588, -0.054210, -0.490980, -0.510803, -0.031744,  0.029835, -0.375018, -0.338008, -0.107438, -0.173084,  0.007649,  0.038294,  0.038294,  0.038294,  0.038294,  0.038294,  0.038294,
  0.038294,  0.038294,  0.038294,  0.038294, -0.238297, -0.312558,  0.040104,  0.031421, -0.200295, -0.356010, -0.225306,  0.238931,  0.267615, -0.290768, -0.450107, -0.237819, -0.203143,  0.027092,  0.038294,  0.038294,  0.038294,  0.038294,  0.038294,  0.038294,
  0.038294,  0.038294,  0.038294,  0.038294, -0.274646, -0.386305, -0.171795, -0.052840, -0.049777, -0.046252,  0.180307,  0.200289, -0.092570, -0.286334, -0.386652, -0.382026, -0.187388,  0.009750,  0.038294,  0.038294,  0.038294,  0.038294,  0.038294,  0.038294,
  0.038294,  0.038294,  0.038294,  0.038294,  0.016121, -0.175600, -0.371365, -0.271812, -0.077809, -0.037242, -0.033902,  0.022260, -0.306524, -0.410808, -0.473114, -0.227076, -0.047637,  0.038294,  0.038294,  0.038294,  0.038294,  0.038294,  0.038294,  0.038294,
  0.038294,  0.038294,  0.038294,  0.038294,  0.069329, -0.140630, -0.782846, -0.846230, -0.614352, -0.479043, -0.295451, -0.438565, -0.527642, -0.493189, -0.243817, -0.094567,  0.033257,  0.038294,  0.038294,  0.038294,  0.038294,  0.038294,  0.038294,  0.038294,
  0.038294,  0.038294,  0.038294,  0.038294,  0.202004,  0.201534, -0.164275, -0.424003, -0.462233, -0.582510, -0.550148, -0.496101, -0.497823, -0.281938, -0.114977,  0.024022,  0.038294,  0.038294,  0.038294,  0.038294,  0.038294,  0.038294,  0.038294,  0.038294,
  0.038294,  0.038294,  0.038294,  0.038294,  0.057102,  0.114107, -0.058362, -0.283000, -0.471486, -0.584151, -0.587678, -0.411812, -0.193537, -0.032228,  0.038294,  0.038294,  0.038294,  0.038294,  0.038294,  0.038294,  0.038294,  0.038294,  0.038294,  0.038294,

