Witdh=24,Height=24 !!!
 -0.132215, -0.132215, -0.132215, -0.132215, -0.132215, -0.132215, -0.132215, -0.132215, -0.132215, -0.132215, -0.132215, -0.194140, -0.299269, -0.444722, -0.557323, -0.563958, -0.462698, -0.151087, -0.109172, -0.132215, -0.132215, -0.132215, -0.132215, -0.132215,
 -0.132215, -0.132215, -0.132215, -0.132215, -0.132215, -0.132215, -0.132215, -0.132215, -0.132215, -0.166274, -0.295154, -0.493241, -0.902337, -1.430234, -1.593415, -1.476760, -1.032184, -0.648983, -0.219295, -0.132215, -0.132215, -0.132215, -0.132215, -0.132215,
 -0.132215, -0.132215, -0.132215, -0.132215, -0.132215, -0.132215, -0.132215, -0.132215, -0.132215, -0.254017, -0.589721, -1.205469, -1.938960, -2.386385, -2.073319, -1.288786, -0.563815, -0.248521, -0.194213, -0.132215, -0.132215, -0.132215, -0.132215, -0.132215,
 -0.132215, -0.132215, -0.132215, -0.132215, -0.132215, -0.132215, -0.132215, -0.132215, -0.174324, -0.473785, -1.043707, -1.629839, -2.023563, -1.381273, -0.726960,  0.042313,  0.352869,  0.351028, -0.005705, -0.132215, -0.132215, -0.132215, -0.132215, -0.132215,
 -0.132215, -0.132215, -0.132215, -0.132215, -0.132215, -0.132215, -0.132215, -0.183613, -0.374401, -0.805805, -1.307276, -1.426661, -0.301516,  1.043367,  1.822083,  1.428801,  0.646213, -0.125238, -0.408704, -0.353173, -0.108781, -0.124008, -0.132215, -0.132215,
 -0.132215, -0.132215, -0.132215, -0.132215, -0.132215, -0.132215, -0.148315, -0.318628, -0.771349, -1.252940, -1.045105, -0.113611,  1.223030,  1.969703,  1.521280,  0.468266, -0.715030, -1.267888, -1.269057, -0.998304, -0.532586, -0.130337, -0.132215, -0.132215,
 -0.132215, -0.132215, -0.132215, -0.132215, -0.132215, -0.132215, -0.189614, -0.568895, -1.201213, -1.263943, -0.745866,  0.501544,  1.344813,  0.922219, -0.168613, -1.521725, -2.113450, -2.197620, -1.763701, -0.939592, -0.576877, -0.302522, -0.132215, -0.132215,
 -0.132215, -0.132215, -0.132215, -0.132215, -0.132215, -0.132215, -0.274842, -0.762288, -1.122402, -0.871481, -0.151959,  0.528886,  0.554043, -0.670782, -1.933526, -2.222048, -2.234869, -1.598776, -0.668869, -0.055788,  0.219970, -0.066088, -0.132215, -0.132215,
 -0.132215, -0.132215, -0.132215, -0.132215, -0.132215, -0.132215, -0.271112, -0.604893, -0.589001, -0.193217, -0.116216, -0.002413, -0.836031, -1.811008, -2.179387, -1.443449,  0.030117,  0.813727,  1.214730,  0.895934,  0.302064,  0.046101, -0.132215, -0.132215,
 -0.132215, -0.132215, -0.132215, -0.132215, -0.132215, -0.132215, -0.165155, -0.066119, -0.053147, -0.083047, -0.221821, -1.172908, -1.872990, -1.880394, -0.623846,  0.927105,  2.029439,  2.330149,  1.573694,  0.777709,  0.062021, -0.167292, -0.132215, -0.132215,
 -0.132215, -0.132215, -0.132215, -0.132215, -0.132215, -0.132215,  0.070083,  0.320763,  0.286498, -0.279144, -0.886471, -1.472848, -1.617148, -0.271296,  1.314060,  2.292357,  2.059582,  1.194657,  0.445530, -0.074824, -0.138683, -0.140196, -0.132215, -0.132215,
 -0.132215, -0.132215, -0.132215, -0.132215, -0.132215, -0.132215,  0.123771,  0.614647,  0.365270, -0.352256, -1.100732, -0.946406,  0.036400,  1.063966,  1.925916,  1.503226,  0.663943,  0.009747, -0.163782, -0.138318, -0.132215, -0.132215, -0.132215, -0.132215,
 -0.132215, -0.132215, -0.132215, -0.132215, -0.132215, -0.132215, -0.119444,  0.127189,  0.297939, -0.151666, -0.451124, -0.024210,  0.369218,  0.704269,  0.415814,  0.234795, -0.132614, -0.148176, -0.132215, -0.132215, -0.132215, -0.132215, -0.132215, -0.132215,
 -0.132215, -0.132215, -0.132215, -0.132215, -0.132215, -0.132215, -0.243638, -0.386164, -0.287672, -0.224903,  0.009933,  0.373896,  0.107316, -0.430651, -0.791230, -0.885847, -0.242864, -0.126849, -0.132215, -0.132215, -0.132215, -0.132215, -0.132215, -0.132215,
 -0.132215, -0.132215, -0.132215, -0.132215, -0.132215, -0.173085, -0.442099, -0.737220, -0.543557, -0.119597,  0.726738,  0.395677, -0.238971, -0.739659, -1.120048, -0.803325, -0.364660, -0.151832, -0.132215, -0.132215, -0.132215, -0.132215, -0.132215, -0.132215,
 -0.132215, -0.132215, -0.132215, -0.132215, -0.132215, -0.277015, -0.747517, -0.994597, -0.787176,  0.247700,  1.412839,  1.280666, -0.018851, -0.730637, -0.842120, -0.541669, -0.243297, -0.139295, -0.132215, -0.132215, -0.132215, -0.132215, -0.132215, -0.132215,
 -0.132215, -0.132215, -0.132215, -0.132215, -0.169370, -0.499756, -0.946443, -0.823825, -0.518369,  0.466803,  1.375560,  0.973827,  0.027484, -0.630260, -0.451587, -0.140938, -0.132003, -0.150467, -0.132215, -0.132215, -0.132215, -0.132215, -0.132215, -0.132215,
 -0.132215, -0.132215, -0.132215, -0.132215, -0.282203, -0.765767, -0.957690, -0.788898, -0.229033,  0.369980,  0.279814, -0.313277, -0.621004, -0.318875,  0.055812,  0.428943,  0.151713, -0.101310, -0.132215, -0.132215, -0.132215, -0.132215, -0.132215, -0.132215,
 -0.132215, -0.132215, -0.132215, -0.132215, -0.411293, -0.857760, -0.804260, -0.611913, -0.321335, -0.222257, -1.071910, -1.355380, -0.602268,  0.184397,  0.988589,  0.675798,  0.195420, -0.091110, -0.132215, -0.132215, -0.132215, -0.132215, -0.132215, -0.132215,
 -0.132215, -0.132215, -0.132215, -0.132215, -0.476184, -0.608584, -0.540229, -0.627595, -0.734426, -1.360291, -1.731552, -1.136573,  0.407497,  1.231667,  1.325666,  0.684167, -0.046028, -0.148176, -0.132215, -0.132215, -0.132215, -0.132215, -0.132215, -0.132215,
 -0.132215, -0.132215, -0.132215, -0.132215, -0.141732, -0.035146, -0.047981, -0.326847, -0.646254, -1.087900, -0.705189,  0.693036,  1.510388,  1.687694,  0.876982,  0.147156, -0.171906, -0.132215, -0.132215, -0.132215, -0.132215, -0.132215, -0.132215, -0.132215,
 -0.132215, -0.132215, -0.132215, -0.132215,  0.190713,  0.642384,  0.670565,  0.798071,  0.982758,  1.351799,  1.919619,  2.238583,  1.862590,  0.959085,  0.267755, -0.171425, -0.135032, -0.132215, -0.132215, -0.132215, -0.132215, -0.132215, -0.132215, -0.132215,
 -0.132215, -0.132215, -0.132215, -0.132215,  0.301675,  0.939677,  1.418819,  1.869582,  2.236928,  2.284487,  2.227210,  1.662742,  0.865841,  0.175364, -0.185628, -0.140196, -0.132215, -0.132215, -0.132215, -0.132215, -0.132215, -0.132215, -0.132215, -0.132215,
 -0.132215, -0.132215, -0.132215, -0.132215,  0.190236,  0.759479,  1.280370,  1.710900,  1.728276,  1.311410,  0.756101,  0.253476, -0.102293, -0.171648, -0.132215, -0.132215, -0.132215, -0.132215, -0.132215, -0.132215, -0.132215, -0.132215, -0.132215, -0.132215,

