Witdh=24,Height=24 !!!
 -0.159906, -0.159906, -0.159906, -0.159906, -0.159906, -0.159906, -0.159906, -0.159906, -0.159906, -0.159906, -0.159906, -0.183461, -0.234052, -0.297160, -0.314296, -0.245553, -0.164559, -0.088351, -0.134759, -0.159906, -0.159906, -0.159906, -0.159906, -0.159906,
 -0.159906, -0.159906, -0.159906, -0.159906, -0.159906, -0.159906, -0.159906, -0.159906, -0.159906, -0.172861, -0.227716, -0.209760, -0.202106, -0.243865, -0.504629, -0.598207, -0.433943, -0.144669, -0.116334, -0.159906, -0.159906, -0.159906, -0.159906, -0.159906,
 -0.159906, -0.159906, -0.159906, -0.159906, -0.159906, -0.159906, -0.159906, -0.159906, -0.159906, -0.145875, -0.081791, -0.105145, -0.196666, -0.235443, -0.253151, -0.332457, -0.374083, -0.245998, -0.141487, -0.159906, -0.159906, -0.159906, -0.159906, -0.159906,
 -0.159906, -0.159906, -0.159906, -0.159906, -0.159906, -0.159906, -0.159906, -0.159906, -0.175923, -0.078437,  0.126261,  0.300131,  0.358630,  0.473566,  0.456823,  0.204893,  0.054703, -0.191808, -0.177647, -0.159906, -0.159906, -0.159906, -0.159906, -0.159906,
 -0.159906, -0.159906, -0.159906, -0.159906, -0.159906, -0.159906, -0.159906, -0.179457, -0.186199,  0.110128,  0.468582,  0.681545,  0.834077,  0.878386,  0.374273, -0.328666, -0.601017, -0.520697, -0.320393, -0.153645, -0.101512, -0.150949, -0.159906, -0.159906,
 -0.159906, -0.159906, -0.159906, -0.159906, -0.159906, -0.159906, -0.166030, -0.142478, -0.023486,  0.226266,  0.410655,  0.619499,  0.471929,  0.082379, -0.505317, -0.616782, -0.624628, -0.642095, -0.638304, -0.360808, -0.077617, -0.108491, -0.159906, -0.159906,
 -0.159906, -0.159906, -0.159906, -0.159906, -0.159906, -0.159906, -0.153204, -0.008789,  0.240884,  0.493594,  0.371994,  0.096530, -0.114904, -0.520490, -0.683229, -0.432059, -0.252449, -0.332017, -0.570037, -0.533285, -0.240498, -0.117253, -0.159906, -0.159906,
 -0.159906, -0.159906, -0.159906, -0.159906, -0.159906, -0.159906, -0.111137,  0.244109,  0.678144,  0.609513,  0.152613, -0.243758, -0.395776, -0.490169, -0.216140,  0.179322,  0.359375,  0.211002,  0.013290, -0.097140, -0.259184, -0.164246, -0.159906, -0.159906,
 -0.159906, -0.159906, -0.159906, -0.159906, -0.159906, -0.159906,  0.027441,  0.577696,  0.900827,  0.432612, -0.354753, -0.513149, -0.256229, -0.062258,  0.314945,  0.663530,  0.969087,  0.709948,  0.031294, -0.242483, -0.302626, -0.214411, -0.159906, -0.159906,
 -0.159906, -0.159906, -0.159906, -0.159906, -0.159906, -0.159906,  0.061157,  0.830886,  1.182762,  0.273729, -0.699499, -0.723198, -0.050337,  0.472116,  0.741600,  0.935616,  0.607506, -0.014012, -0.463389, -0.688586, -0.496610, -0.280951, -0.159906, -0.159906,
 -0.159906, -0.159906, -0.159906, -0.159906, -0.159906, -0.159906,  0.056181,  0.774603,  1.176173,  0.557175, -0.330404, -0.329900,  0.286824,  0.802348,  0.726350,  0.192458, -0.326050, -0.686032, -0.641276, -0.443353, -0.239111, -0.175569, -0.159906, -0.159906,
 -0.159906, -0.159906, -0.159906, -0.159906, -0.159906, -0.159906, -0.098857,  0.529111,  1.083186,  0.691472,  0.273858,  0.126106,  0.399715,  0.328103,  0.003422, -0.507350, -0.685006, -0.479902, -0.272721, -0.171883, -0.159906, -0.159906, -0.159906, -0.159906,
 -0.159906, -0.159906, -0.159906, -0.159906, -0.159906, -0.159906, -0.163816,  0.161129,  0.941716,  1.063697,  0.680550,  0.162483, -0.351625, -0.675046, -0.573999, -0.543782, -0.340462, -0.191232, -0.159906, -0.159906, -0.159906, -0.159906, -0.159906, -0.159906,
 -0.159906, -0.159906, -0.159906, -0.159906, -0.159906, -0.159906, -0.160585,  0.186810,  0.726317,  1.010282,  0.961741,  0.368018, -0.693068, -1.354044, -1.000708, -0.360162, -0.066091, -0.154050, -0.159906, -0.159906, -0.159906, -0.159906, -0.159906, -0.159906,
 -0.159906, -0.159906, -0.159906, -0.159906, -0.159906, -0.175452, -0.085411,  0.289313,  0.579174,  0.698661,  0.907477,  0.814206, -0.117448, -0.824970, -0.954571, -0.419507, -0.037739, -0.149037, -0.159906, -0.159906, -0.159906, -0.159906, -0.159906, -0.159906,
 -0.159906, -0.159906, -0.159906, -0.159906, -0.159906, -0.142550,  0.095326,  0.474612,  0.488147,  0.385228,  0.731477,  0.938518,  0.425737, -0.388812, -0.795707, -0.535213, -0.066072, -0.143607, -0.159906, -0.159906, -0.159906, -0.159906, -0.159906, -0.159906,
 -0.159906, -0.159906, -0.159906, -0.159906, -0.174039, -0.046161,  0.357637,  0.608128,  0.302943, -0.147158,  0.198537,  0.584550,  0.653181, -0.156136, -0.762539, -0.656535, -0.236546, -0.154339, -0.159906, -0.159906, -0.159906, -0.159906, -0.159906, -0.159906,
 -0.159906, -0.159906, -0.159906, -0.159906, -0.151109,  0.175553,  0.608024,  0.520120, -0.008823, -0.365800, -0.153681,  0.408056,  0.744957, -0.008071, -0.503423, -0.515818, -0.405500, -0.180454, -0.159906, -0.159906, -0.159906, -0.159906, -0.159906, -0.159906,
 -0.159906, -0.159906, -0.159906, -0.159906,  0.002747,  0.448531,  0.691477,  0.258395, -0.263565, -0.318535, -0.126696,  0.428059,  0.773333,  0.224686, -0.351613, -0.431467, -0.435124, -0.183633, -0.159906, -0.159906, -0.159906, -0.159906, -0.159906, -0.159906,
 -0.159906, -0.159906, -0.159906, -0.159906,  0.176206,  0.784863,  0.903616,  0.066164, -0.488660, -0.309412,  0.131151,  0.660373,  0.568975,  0.093868, -0.488532, -0.593328, -0.445170, -0.191232, -0.159906, -0.159906, -0.159906, -0.159906, -0.159906, -0.159906,
 -0.159906, -0.159906, -0.159906, -0.159906,  0.394313,  1.105932,  1.064316,  0.298680, -0.198544, -0.000959,  0.512373,  0.766051,  0.298697, -0.366691, -0.612696, -0.509168, -0.256230, -0.159906, -0.159906, -0.159906, -0.159906, -0.159906, -0.159906, -0.159906,
 -0.159906, -0.159906, -0.159906, -0.159906,  0.262166,  0.971888,  1.074959,  0.801419,  0.783060,  0.866147,  0.865716,  0.291861, -0.303945, -0.599847, -0.541018, -0.312538, -0.165434, -0.159906, -0.159906, -0.159906, -0.159906, -0.159906, -0.159906, -0.159906,
 -0.159906, -0.159906, -0.159906, -0.159906,  0.126882,  0.647142,  0.799928,  0.728809,  0.633247,  0.363363, -0.005527, -0.416877, -0.707868, -0.561573, -0.331248, -0.175569, -0.159906, -0.159906, -0.159906, -0.159906, -0.159906, -0.159906, -0.159906, -0.159906,
 -0.159906, -0.159906, -0.159906, -0.159906, -0.115133,  0.028573, -0.031940, -0.248893, -0.480732, -0.640331, -0.734551, -0.647078, -0.429816, -0.237300, -0.159906, -0.159906, -0.159906, -0.159906, -0.159906, -0.159906, -0.159906, -0.159906, -0.159906, -0.159906,

