Witdh=24,Height=24 !!!
 -0.068054, -0.068054, -0.068054, -0.068054, -0.068054, -0.068054, -0.068054, -0.068054, -0.068054, -0.068054, -0.068054,  0.038765,  0.083099,  0.150872,  0.079482,  0.244245,  0.247238,  0.029721, -0.060846, -0.068054, -0.068054, -0.068054, -0.068054, -0.068054,
 -0.068054, -0.068054, -0.068054, -0.068054, -0.068054, -0.068054, -0.068054, -0.068054, -0.068054, -0.009304,  0.137655,  0.151295,  0.301653,  0.391067,  0.305033,  0.317826,  0.340991,  0.339789,  0.037102, -0.068054, -0.068054, -0.068054, -0.068054, -0.068054,
 -0.068054, -0.068054, -0.068054, -0.068054, -0.068054, -0.068054, -0.068054, -0.068054, -0.068054,  0.103488,  0.220025,  0.102165,  0.192918,  0.499527,  0.921398,  0.735932,  0.392557,  0.338506,  0.102895, -0.068054, -0.068054, -0.068054, -0.068054, -0.068054,
 -0.068054, -0.068054, -0.068054, -0.068054, -0.068054, -0.068054, -0.068054, -0.068054,  0.004583,  0.184136, -0.035551,  0.276739,  0.776233,  1.058978,  1.208578,  0.672448,  0.025601, -0.160326, -0.028980, -0.068054, -0.068054, -0.068054, -0.068054, -0.068054,
 -0.068054, -0.068054, -0.068054, -0.068054, -0.068054, -0.068054, -0.068054,  0.020606,  0.188313,  0.036992,  0.140351,  0.979067,  1.155149,  0.817165,  0.041382, -0.362757, -0.369604, -0.254515,  0.140281,  0.147627, -0.023797, -0.065487, -0.068054, -0.068054,
 -0.068054, -0.068054, -0.068054, -0.068054, -0.068054, -0.068054, -0.040281,  0.159685,  0.158548, -0.013081,  0.664772,  1.213981,  0.550813, -0.050011, -0.579801, -0.358609,  0.062931,  0.171178,  0.254759,  0.459237,  0.330802, -0.020313, -0.068054, -0.068054,
 -0.068054, -0.068054, -0.068054, -0.068054, -0.068054, -0.068054,  0.012728,  0.165004,  0.039920,  0.425636,  1.221429,  0.706800, -0.036717, -0.271109, -0.202872,  0.183540,  0.365886,  0.830445,  0.593379,  0.410031,  0.471696,  0.135456, -0.068054, -0.068054,
 -0.068054, -0.068054, -0.068054, -0.068054, -0.068054, -0.068054,  0.062906,  0.122168,  0.291841,  0.971317,  1.011453,  0.246536, -0.052932,  0.061414,  0.292462,  0.533928,  0.930611,  1.279225,  0.833860,  0.264499,  0.096733,  0.086719, -0.068054, -0.068054,
 -0.068054, -0.068054, -0.068054, -0.068054, -0.068054, -0.068054, -0.044738,  0.216515,  0.644583,  0.879490,  0.481322,  0.263584,  0.222963,  0.148281,  0.793528,  1.190505,  1.261017,  0.802557,  0.004385, -0.291735, -0.305916, -0.121449, -0.068054, -0.068054,
 -0.068054, -0.068054, -0.068054, -0.068054, -0.068054, -0.068054, -0.141540,  0.200259,  0.917112,  0.674654, -0.134096,  0.082174,  0.693066,  1.042011,  1.255234,  1.057541,  0.340151, -0.463920, -0.818525, -0.629990, -0.256269, -0.094530, -0.068054, -0.068054,
 -0.068054, -0.068054, -0.068054, -0.068054, -0.068054, -0.068054, -0.057749,  0.135277,  0.675393,  0.617394, -0.136537,  0.138085,  1.450850,  1.549264,  0.665975, -0.125833, -0.708849, -0.800128, -0.450238, -0.183401, -0.090866, -0.070354, -0.068054, -0.068054,
 -0.068054, -0.068054, -0.068054, -0.068054, -0.068054, -0.068054, -0.048680,  0.055124,  0.294764,  0.490580,  0.437107,  0.582426,  1.464446,  0.889016, -0.202428, -0.707413, -0.568417, -0.221027, -0.093171, -0.069813, -0.068054, -0.068054, -0.068054, -0.068054,
 -0.068054, -0.068054, -0.068054, -0.068054, -0.068054, -0.068054, -0.024899,  0.140754,  0.132454,  0.548282,  0.901082,  0.839287,  0.570754, -0.011370,  0.015723, -0.175614, -0.115041, -0.072655, -0.068054, -0.068054, -0.068054, -0.068054, -0.068054, -0.068054,
 -0.068054, -0.068054, -0.068054, -0.068054, -0.068054, -0.068054,  0.097505,  0.178800,  0.081241,  0.713046,  0.925582,  0.688067,  0.050484, -0.338357,  0.541418,  0.548961,  0.108351, -0.066376, -0.068054, -0.068054, -0.068054, -0.068054, -0.068054, -0.068054,
 -0.068054, -0.068054, -0.068054, -0.068054, -0.068054,  0.002446,  0.176712, -0.018845,  0.374722,  0.843169,  0.513868,  0.752960,  0.323182, -0.144153,  0.511331,  0.688352,  0.375023, -0.043359, -0.068054, -0.068054, -0.068054, -0.068054, -0.068054, -0.068054,
 -0.068054, -0.068054, -0.068054, -0.068054, -0.068054,  0.135446,  0.099820,  0.041929,  0.972067,  0.886232,  0.135264,  0.326767,  0.412936,  0.210862,  0.273488,  0.444263,  0.504296, -0.022141, -0.068054, -0.068054, -0.068054, -0.068054, -0.068054, -0.068054,
 -0.068054, -0.068054, -0.068054, -0.068054, -0.003963,  0.192670,  0.042198,  0.503746,  1.105568,  0.373357,  0.069882,  0.002025,  0.321510,  0.615283,  0.123289,  0.047561,  0.411512, -0.011774, -0.068054, -0.068054, -0.068054, -0.068054, -0.068054, -0.068054,
 -0.068054, -0.068054, -0.068054, -0.068054,  0.148603,  0.089127,  0.143848,  1.045937,  0.818558,  0.107812,  0.142924,  0.198725,  0.622027,  0.864367,  0.219029, -0.156949,  0.141504, -0.040568, -0.068054, -0.068054, -0.068054, -0.068054, -0.068054, -0.068054,
 -0.068054, -0.068054, -0.068054, -0.068054,  0.127962,  0.095326,  0.521728,  1.222744,  0.652054,  0.194039,  0.234481,  0.634541,  1.281627,  0.811215, -0.062504, -0.246605, -0.160323, -0.088938, -0.068054, -0.068054, -0.068054, -0.068054, -0.068054, -0.068054,
 -0.068054, -0.068054, -0.068054, -0.068054,  0.028339,  0.348962,  1.086627,  0.857475,  0.151210,  0.259621,  0.751914,  1.272809,  1.147888,  0.150540, -0.518191, -0.385110, -0.178098, -0.072655, -0.068054, -0.068054, -0.068054, -0.068054, -0.068054, -0.068054,
 -0.068054, -0.068054, -0.068054, -0.068054, -0.088464,  0.298504,  0.777927, -0.032778, -0.358114,  0.559205,  1.164788,  1.106246,  0.272829, -0.568448, -0.532455, -0.253988, -0.085270, -0.068054, -0.068054, -0.068054, -0.068054, -0.068054, -0.068054, -0.068054,
 -0.068054, -0.068054, -0.068054, -0.068054, -0.146296,  0.133510,  0.445156,  0.094579,  0.175503,  0.711245,  0.562759, -0.155581, -0.651742, -0.688970, -0.340228, -0.103114, -0.068866, -0.068054, -0.068054, -0.068054, -0.068054, -0.068054, -0.068054, -0.068054,
 -0.068054, -0.068054, -0.068054, -0.068054, -0.025901,  0.174858,  0.210720, -0.069254, -0.227688, -0.338210, -0.684469, -0.945043, -0.728601, -0.302861, -0.104396, -0.070354, -0.068054, -0.068054, -0.068054, -0.068054, -0.068054, -0.068054, -0.068054, -0.068054,
 -0.068054, -0.068054, -0.068054, -0.068054, -0.045282, -0.076696, -0.310034, -0.564231, -0.668463, -0.691411, -0.616676, -0.384302, -0.162934, -0.079420, -0.068054, -0.068054, -0.068054, -0.068054, -0.068054, -0.068054, -0.068054, -0.068054, -0.068054, -0.068054,

